80613465954571
4968413141821
93105907429188
78533151136856
16074583815261
128144719865435
186482063914337
184089670052451
157525196135275
151847779615855
245437799922039
77715171688574
161900809016453
69224390906000
193715193540500
47510805183640
226074595370140
143879766285215
256178498780324
14481982279592
73578923029939
264289603552212
49230199080409
238812152457194
132045148319973
242831578726635
239438423558384
103052449581296
175804098774255
135515735110903
84837620587270
110907218636812
241763870630453
33951639539258
22172961882939
52487573728827
114726686111555
110509187371328
1697411073112
85478141133652
159919705391704
118042949273177
52356170751075
131642714129253
258730677067119
240976757070710
177087255775113
128373968367757
182532697892495
196173461498263
142083074924446
196004039043240
56482112514481
262897037740726
95794418922936
216752254040768
80431839656641
168848887730629
203361972967114
247887826286290
270201937419231
33980105554148
92666763380960
